Page ID
61046
61182
4592959
2410609
44752
3947300
44696
3992212
44437
44210
18388326
2804704
1259785
4837038
4836948
57585
42383
22836926
42159
42093
80530
4500088
41881
1587300
42137
42293
42361
13609396
1133816
42856
1740284
1343342
43849
4608223
43452
97732
4836072
4836239
4836350
1715414
4836572
42147
99454
99463
2466773
62440
73875
21913863
45772
66870
73425
103026
106335
5729
369508
113427
1065214
89793
113460
129246
129368
129444
156405
30006
133574
65834
41528
4560
101954
52371
88075
44122
3616797
3569822
201534
174251
1287385
1749535
1349086
3920193
15233369
16733548
25080984
31701975
33028800
37125755
39364726
43842546
48320630
49834236
55935200
56746570
59935792
66255918
58342225
66850554
